0.000 -2.000
0.057 -1.992
0.114 -1.984
0.170 -1.976
0.227 -1.969
0.284 -1.963
0.341 -1.957
0.398 -1.951
0.454 -1.947
0.511 -1.942
0.568 -1.938
0.625 -1.935
0.682 -1.932
0.738 -1.930
0.795 -1.928
0.852 -1.926
0.909 -1.926
0.966 -1.925
1.022 -1.925
1.079 -1.926
1.136 -1.927
1.193 -1.929
1.250 -1.931
1.306 -1.934
1.363 -1.937
1.420 -1.941
1.477 -1.945
1.534 -1.950
1.590 -1.955
1.647 -1.960
1.704 -1.967
1.761 -1.973
1.818 -1.981
1.875 -1.988
1.931 -1.997
1.988 -2.005
2.045 -2.015
2.102 -2.025
2.159 -2.035
2.215 -2.046
2.272 -2.057
2.329 -2.069
2.386 -2.081
2.443 -2.094
2.499 -2.107
2.556 -2.121
2.613 -2.135
2.670 -2.150
2.727 -2.165
2.783 -2.181
2.840 -2.198
2.897 -2.215
2.954 -2.232
3.011 -2.250
3.067 -2.268
3.124 -2.287
3.181 -2.307
3.238 -2.326
3.295 -2.347
3.351 -2.368
3.408 -2.389
3.465 -2.411
3.522 -2.434
3.579 -2.457
3.635 -2.480
3.692 -2.504
3.749 -2.528
3.806 -2.553
3.863 -2.579
3.919 -2.605
3.976 -2.631
4.033 -2.658
4.090 -2.686
4.147 -2.714
4.203 -2.742
4.260 -2.771
4.317 -2.801
4.374 -2.831
4.431 -2.861
4.487 -2.893
4.544 -2.924
4.601 -2.956
4.658 -2.989
4.715 -3.022
4.771 -3.055
4.828 -3.089
4.885 -3.124
4.942 -3.159
4.999 -3.195
5.056 -3.231
5.112 -3.267
5.169 -3.305
5.226 -3.342
5.283 -3.380
5.340 -3.419
5.396 -3.458
5.453 -3.498
5.510 -3.538
5.567 -3.579
5.624 -3.620
5.680 -3.662
5.737 -3.704
5.794 -3.746
5.851 -3.790
5.908 -3.833
5.964 -3.878
6.021 -3.922
6.078 -3.968
6.135 -4.013
6.192 -4.060
6.248 -4.106
6.305 -4.154
6.362 -4.201
6.419 -4.250
6.476 -4.298
6.532 -4.348
6.589 -4.397
6.646 -4.448
6.703 -4.498
6.760 -4.550
6.816 -4.602
6.873 -4.654
6.930 -4.707
6.987 -4.760
7.044 -4.814
7.100 -4.868
7.157 -4.923
7.214 -4.978
7.271 -5.034
7.328 -5.091
7.384 -5.148
7.441 -5.205
7.498 -5.263
7.555 -5.321
7.612 -5.380
7.668 -5.440
7.725 -5.500
7.782 -5.560
7.839 -5.621
7.896 -5.682
7.952 -5.744
8.009 -5.807
8.066 -5.870
8.123 -5.933
8.180 -5.997
8.237 -6.062
8.293 -6.127
8.350 -6.192
8.407 -6.258
8.464 -6.325
8.521 -6.392
8.577 -6.459
8.634 -6.527
8.691 -6.596
8.748 -6.665
8.805 -6.734
8.861 -6.804
8.918 -6.875
8.975 -6.946
9.032 -7.017
9.089 -7.089
9.145 -7.162
9.202 -7.235
9.259 -7.309
9.316 -7.383
9.373 -7.457
9.429 -7.533
9.486 -7.608
9.543 -7.684
9.600 -7.761
9.657 -7.838
9.713 -7.916
9.770 -7.994
9.827 -8.073
9.884 -8.152
9.941 -8.231
9.997 -8.312
10.054 -8.392
10.111 -8.473
10.168 -8.555
10.225 -8.637
10.281 -8.720
10.338 -8.803
10.395 -8.887
10.452 -8.971
10.509 -9.056
10.565 -9.141
10.622 -9.227
10.679 -9.313
10.736 -9.400
10.793 -9.487
10.849 -9.575
10.906 -9.663
10.963 -9.752
11.020 -9.841
11.077 -9.931
11.133 -10.021
11.190 -10.112
11.247 -10.204
11.304 -10.295
11.361 -10.388
11.417 -10.481
11.474 -10.574
11.531 -10.668
11.588 -10.762
11.645 -10.857
11.702 -10.952
11.758 -11.048
11.815 -11.145
11.872 -11.241
11.929 -11.339
11.986 -11.437
12.042 -11.535
12.099 -11.634
12.156 -11.734
12.213 -11.833
12.270 -11.934
12.326 -12.035
12.383 -12.136
12.440 -12.238
12.497 -12.341
12.554 -12.444
12.610 -12.547
12.667 -12.651
12.724 -12.756
12.781 -12.861
12.838 -12.966
12.894 -13.072
12.951 -13.179
13.008 -13.286
13.065 -13.393
13.122 -13.501
13.178 -13.610
13.235 -13.719
13.292 -13.828
13.349 -13.938
13.406 -14.049
13.462 -14.160
13.519 -14.272
13.576 -14.384
13.633 -14.496
13.690 -14.609
13.746 -14.723
13.803 -14.837
13.860 -14.952
13.917 -15.067
13.974 -15.182
14.030 -15.299
14.087 -15.415
14.144 -15.532
14.201 -15.650
14.258 -15.768
14.314 -15.887
14.371 -16.006
14.428 -16.126
14.485 -16.246
14.542 -16.367
14.598 -16.488
14.655 -16.609
14.712 -16.732
14.769 -16.854
14.826 -16.978
14.883 -17.101
14.939 -17.226
14.996 -17.350
15.053 -17.476
15.110 -17.601
15.167 -17.728
15.223 -17.854
15.280 -17.982
15.337 -18.109
15.394 -18.238
15.451 -18.367
15.507 -18.496
15.564 -18.626
15.621 -18.756
15.678 -18.887
15.735 -19.018
15.791 -19.150
15.848 -19.282
15.905 -19.415
15.962 -19.548
16.019 -19.682
16.075 -19.817
16.132 -19.952
16.189 -20.087
16.246 -20.223
16.303 -20.359
16.359 -20.496
16.416 -20.634
16.473 -20.771
16.530 -20.910
16.587 -21.049
16.643 -21.188
16.700 -21.328
16.757 -21.469
16.814 -21.610
16.871 -21.751
16.927 -21.893
16.984 -22.035
17.041 -22.178
17.098 -22.322
17.155 -22.466
17.211 -22.610
17.268 -22.755
17.325 -22.901
17.382 -23.047
17.439 -23.193
17.495 -23.340
17.552 -23.488
17.609 -23.636
17.666 -23.785
17.723 -23.934
17.779 -24.083
17.836 -24.233
17.893 -24.384
17.950 -24.535
18.007 -24.687
18.064 -24.839
18.120 -24.991
18.177 -25.144
18.234 -25.298
18.291 -25.452
18.348 -25.607
18.404 -25.762
18.461 -25.917
18.518 -26.074
18.575 -26.230
18.632 -26.387
18.688 -26.545
18.745 -26.703
18.802 -26.862
18.859 -27.021
18.916 -27.181
18.972 -27.341
19.029 -27.502
19.086 -27.663
19.143 -27.825
19.200 -27.987
19.256 -28.150
19.313 -28.313
19.370 -28.477
19.427 -28.641
19.484 -28.806
19.540 -28.971
19.597 -29.137
19.654 -29.303
19.711 -29.470
19.768 -29.637
19.824 -29.805
19.881 -29.973
