0.000 -0.000
0.057 -2.765
0.114 -3.905
0.170 -4.776
0.227 -5.507
0.284 -6.148
0.341 -6.725
0.398 -7.253
0.454 -7.742
0.511 -8.200
0.568 -8.631
0.625 -9.039
0.682 -9.427
0.738 -9.797
0.795 -10.152
0.852 -10.493
0.909 -10.821
0.966 -11.137
1.022 -11.443
1.079 -11.739
1.136 -12.025
1.193 -12.304
1.250 -12.574
1.306 -12.837
1.363 -13.093
1.420 -13.343
1.477 -13.586
1.534 -13.823
1.590 -14.055
1.647 -14.282
1.704 -14.503
1.761 -14.720
1.818 -14.932
1.875 -15.140
1.931 -15.343
1.988 -15.542
2.045 -15.738
2.102 -15.930
2.159 -16.118
2.215 -16.302
2.272 -16.483
2.329 -16.661
2.386 -16.836
2.443 -17.007
2.499 -17.176
2.556 -17.342
2.613 -17.505
2.670 -17.665
2.727 -17.822
2.783 -17.977
2.840 -18.129
2.897 -18.279
2.954 -18.427
3.011 -18.572
3.067 -18.715
3.124 -18.855
3.181 -18.994
3.238 -19.130
3.295 -19.264
3.351 -19.396
3.408 -19.526
3.465 -19.654
3.522 -19.780
3.579 -19.905
3.635 -20.027
3.692 -20.148
3.749 -20.266
3.806 -20.383
3.863 -20.499
3.919 -20.612
3.976 -20.724
4.033 -20.834
4.090 -20.943
4.147 -21.050
4.203 -21.155
4.260 -21.259
4.317 -21.361
4.374 -21.462
4.431 -21.562
4.487 -21.659
4.544 -21.756
4.601 -21.851
4.658 -21.944
4.715 -22.037
4.771 -22.127
4.828 -22.217
4.885 -22.305
4.942 -22.392
4.999 -22.477
5.056 -22.562
5.112 -22.644
5.169 -22.726
5.226 -22.807
5.283 -22.886
5.340 -22.964
5.396 -23.040
5.453 -23.116
5.510 -23.190
5.567 -23.263
5.624 -23.335
5.680 -23.406
5.737 -23.476
5.794 -23.544
5.851 -23.612
5.908 -23.678
5.964 -23.743
6.021 -23.807
6.078 -23.870
6.135 -23.932
6.192 -23.993
6.248 -24.053
6.305 -24.112
6.362 -24.169
6.419 -24.226
6.476 -24.282
6.532 -24.336
6.589 -24.390
6.646 -24.442
6.703 -24.494
6.760 -24.544
6.816 -24.594
6.873 -24.642
6.930 -24.690
6.987 -24.737
7.044 -24.782
7.100 -24.827
7.157 -24.871
7.214 -24.913
7.271 -24.955
7.328 -24.996
7.384 -25.036
7.441 -25.075
7.498 -25.113
7.555 -25.150
7.612 -25.186
7.668 -25.221
7.725 -25.256
7.782 -25.289
7.839 -25.322
7.896 -25.353
7.952 -25.384
8.009 -25.414
8.066 -25.443
8.123 -25.471
8.180 -25.498
8.237 -25.524
8.293 -25.550
8.350 -25.574
8.407 -25.598
8.464 -25.620
8.521 -25.642
8.577 -25.663
8.634 -25.683
8.691 -25.703
8.748 -25.721
8.805 -25.738
8.861 -25.755
8.918 -25.771
8.975 -25.786
9.032 -25.800
9.089 -25.813
9.145 -25.826
9.202 -25.837
9.259 -25.848
9.316 -25.857
9.373 -25.866
9.429 -25.875
9.486 -25.882
9.543 -25.888
9.600 -25.894
9.657 -25.899
9.713 -25.902
9.770 -25.905
9.827 -25.908
9.884 -25.909
9.941 -25.909
9.997 -25.909
10.054 -25.908
10.111 -25.906
10.168 -25.903
10.225 -25.899
10.281 -25.895
10.338 -25.889
10.395 -25.883
10.452 -25.876
10.509 -25.868
10.565 -25.859
10.622 -25.849
10.679 -25.839
10.736 -25.827
10.793 -25.815
10.849 -25.802
10.906 -25.788
10.963 -25.773
11.020 -25.758
11.077 -25.741
11.133 -25.724
11.190 -25.706
11.247 -25.686
11.304 -25.666
11.361 -25.646
11.417 -25.624
11.474 -25.601
11.531 -25.578
11.588 -25.554
11.645 -25.528
11.702 -25.502
11.758 -25.475
11.815 -25.447
11.872 -25.419
11.929 -25.389
11.986 -25.358
12.042 -25.327
12.099 -25.294
12.156 -25.261
12.213 -25.227
12.270 -25.192
12.326 -25.156
12.383 -25.119
12.440 -25.081
12.497 -25.042
12.554 -25.002
12.610 -24.962
12.667 -24.920
12.724 -24.877
12.781 -24.834
12.838 -24.789
12.894 -24.744
12.951 -24.698
13.008 -24.650
13.065 -24.602
13.122 -24.552
13.178 -24.502
13.235 -24.451
13.292 -24.398
13.349 -24.345
13.406 -24.290
13.462 -24.235
13.519 -24.179
13.576 -24.121
13.633 -24.062
13.690 -24.003
13.746 -23.942
13.803 -23.880
13.860 -23.818
13.917 -23.754
13.974 -23.689
14.030 -23.623
14.087 -23.555
14.144 -23.487
14.201 -23.417
14.258 -23.347
14.314 -23.275
14.371 -23.202
14.428 -23.128
14.485 -23.053
14.542 -22.976
14.598 -22.898
14.655 -22.819
14.712 -22.739
14.769 -22.658
14.826 -22.575
14.883 -22.491
14.939 -22.406
14.996 -22.319
15.053 -22.231
15.110 -22.142
15.167 -22.051
15.223 -21.959
15.280 -21.866
15.337 -21.771
15.394 -21.675
15.451 -21.577
15.507 -21.478
15.564 -21.378
15.621 -21.276
15.678 -21.172
15.735 -21.067
15.791 -20.960
15.848 -20.852
15.905 -20.742
15.962 -20.630
16.019 -20.517
16.075 -20.402
16.132 -20.285
16.189 -20.167
16.246 -20.047
16.303 -19.924
16.359 -19.800
16.416 -19.675
16.473 -19.547
16.530 -19.417
16.587 -19.285
16.643 -19.152
16.700 -19.016
16.757 -18.878
16.814 -18.737
16.871 -18.595
16.927 -18.450
16.984 -18.303
17.041 -18.154
17.098 -18.002
17.155 -17.847
17.211 -17.690
17.268 -17.531
17.325 -17.368
17.382 -17.203
17.439 -17.035
17.495 -16.864
17.552 -16.689
17.609 -16.512
17.666 -16.332
17.723 -16.148
17.779 -15.960
17.836 -15.769
17.893 -15.574
17.950 -15.375
18.007 -15.173
18.064 -14.966
18.120 -14.754
18.177 -14.538
18.234 -14.318
18.291 -14.092
18.348 -13.861
18.404 -13.624
18.461 -13.382
18.518 -13.134
18.575 -12.879
18.632 -12.617
18.688 -12.348
18.745 -12.071
18.802 -11.785
18.859 -11.491
18.916 -11.187
18.972 -10.872
19.029 -10.546
19.086 -10.208
19.143 -9.856
19.200 -9.488
19.256 -9.103
19.313 -8.698
19.370 -8.271
19.427 -7.818
19.484 -7.334
19.540 -6.813
19.597 -6.245
19.654 -5.615
19.711 -4.901
19.768 -4.058
19.824 -2.979
19.881 -1.111
19.890 0.000