0.000 -0.000
0.057 -4.609
0.114 -6.508
0.170 -7.960
0.227 -9.178
0.284 -10.246
0.341 -11.208
0.398 -12.088
0.454 -12.904
0.511 -13.667
0.568 -14.385
0.625 -15.065
0.682 -15.712
0.738 -16.329
0.795 -16.920
0.852 -17.488
0.909 -18.035
0.966 -18.562
1.022 -19.071
1.079 -19.564
1.136 -20.042
1.193 -20.506
1.250 -20.957
1.306 -21.395
1.363 -21.822
1.420 -22.238
1.477 -22.643
1.534 -23.039
1.590 -23.425
1.647 -23.803
1.704 -24.172
1.761 -24.533
1.818 -24.887
1.875 -25.233
1.931 -25.572
1.988 -25.904
2.045 -26.230
2.102 -26.549
2.159 -26.863
2.215 -27.170
2.272 -27.472
2.329 -27.769
2.386 -28.060
2.443 -28.346
2.499 -28.627
2.556 -28.903
2.613 -29.174
2.670 -29.441
2.727 -29.704
2.783 -29.962
2.840 -30.216
2.897 -30.465
2.954 -30.711
3.011 -30.953
3.067 -31.191
3.124 -31.425
3.181 -31.656
3.238 -31.883
3.295 -32.107
3.351 -32.327
3.408 -32.543
3.465 -32.757
3.522 -32.967
3.579 -33.174
3.635 -33.378
3.692 -33.579
3.749 -33.777
3.806 -33.972
3.863 -34.164
3.919 -34.353
3.976 -34.540
4.033 -34.724
4.090 -34.905
4.147 -35.083
4.203 -35.259
4.260 -35.432
4.317 -35.602
4.374 -35.770
4.431 -35.936
4.487 -36.099
4.544 -36.260
4.601 -36.418
4.658 -36.574
4.715 -36.728
4.771 -36.879
4.828 -37.028
4.885 -37.175
4.942 -37.320
4.999 -37.462
5.056 -37.603
5.112 -37.741
5.169 -37.877
5.226 -38.011
5.283 -38.143
5.340 -38.273
5.396 -38.401
5.453 -38.526
5.510 -38.650
5.567 -38.772
5.624 -38.892
5.680 -39.010
5.737 -39.126
5.794 -39.241
5.851 -39.353
5.908 -39.463
5.964 -39.572
6.021 -39.679
6.078 -39.784
6.135 -39.887
6.192 -39.989
6.248 -40.088
6.305 -40.186
6.362 -40.282
6.419 -40.377
6.476 -40.469
6.532 -40.560
6.589 -40.649
6.646 -40.737
6.703 -40.823
6.760 -40.907
6.816 -40.990
6.873 -41.071
6.930 -41.150
6.987 -41.228
7.044 -41.304
7.100 -41.378
7.157 -41.451
7.214 -41.522
7.271 -41.592
7.328 -41.660
7.384 -41.726
7.441 -41.791
7.498 -41.855
7.555 -41.917
7.612 -41.977
7.668 -42.036
7.725 -42.093
7.782 -42.149
7.839 -42.203
7.896 -42.255
7.952 -42.307
8.009 -42.356
8.066 -42.405
8.123 -42.451
8.180 -42.497
8.237 -42.540
8.293 -42.583
8.350 -42.623
8.407 -42.663
8.464 -42.701
8.521 -42.737
8.577 -42.772
8.634 -42.806
8.691 -42.838
8.748 -42.868
8.805 -42.897
8.861 -42.925
8.918 -42.951
8.975 -42.976
9.032 -43.000
9.089 -43.022
9.145 -43.043
9.202 -43.062
9.259 -43.079
9.316 -43.096
9.373 -43.111
9.429 -43.124
9.486 -43.136
9.543 -43.147
9.600 -43.156
9.657 -43.164
9.713 -43.171
9.770 -43.176
9.827 -43.179
9.884 -43.182
9.941 -43.182
9.997 -43.182
10.054 -43.180
10.111 -43.176
10.168 -43.172
10.225 -43.165
10.281 -43.158
10.338 -43.149
10.395 -43.138
10.452 -43.126
10.509 -43.113
10.565 -43.098
10.622 -43.082
10.679 -43.065
10.736 -43.046
10.793 -43.025
10.849 -43.003
10.906 -42.980
10.963 -42.956
11.020 -42.930
11.077 -42.902
11.133 -42.873
11.190 -42.843
11.247 -42.811
11.304 -42.777
11.361 -42.743
11.417 -42.707
11.474 -42.669
11.531 -42.630
11.588 -42.589
11.645 -42.547
11.702 -42.504
11.758 -42.459
11.815 -42.412
11.872 -42.364
11.929 -42.315
11.986 -42.264
12.042 -42.211
12.099 -42.157
12.156 -42.102
12.213 -42.045
12.270 -41.986
12.326 -41.926
12.383 -41.865
12.440 -41.802
12.497 -41.737
12.554 -41.671
12.610 -41.603
12.667 -41.533
12.724 -41.462
12.781 -41.390
12.838 -41.316
12.894 -41.240
12.951 -41.163
13.008 -41.084
13.065 -41.003
13.122 -40.921
13.178 -40.837
13.235 -40.751
13.292 -40.664
13.349 -40.575
13.406 -40.484
13.462 -40.392
13.519 -40.298
13.576 -40.202
13.633 -40.104
13.690 -40.005
13.746 -39.904
13.803 -39.801
13.860 -39.696
13.917 -39.589
13.974 -39.481
14.030 -39.371
14.087 -39.259
14.144 -39.145
14.201 -39.029
14.258 -38.911
14.314 -38.792
14.371 -38.670
14.428 -38.547
14.485 -38.421
14.542 -38.293
14.598 -38.164
14.655 -38.032
14.712 -37.899
14.769 -37.763
14.826 -37.625
14.883 -37.485
14.939 -37.343
14.996 -37.199
15.053 -37.052
15.110 -36.903
15.167 -36.752
15.223 -36.599
15.280 -36.443
15.337 -36.285
15.394 -36.125
15.451 -35.962
15.507 -35.797
15.564 -35.630
15.621 -35.459
15.678 -35.287
15.735 -35.111
15.791 -34.934
15.848 -34.753
15.905 -34.570
15.962 -34.384
16.019 -34.195
16.075 -34.003
16.132 -33.809
16.189 -33.611
16.246 -33.411
16.303 -33.207
16.359 -33.001
16.416 -32.791
16.473 -32.578
16.530 -32.362
16.587 -32.142
16.643 -31.919
16.700 -31.693
16.757 -31.463
16.814 -31.229
16.871 -30.992
16.927 -30.750
16.984 -30.505
17.041 -30.256
17.098 -30.003
17.155 -29.745
17.211 -29.484
17.268 -29.218
17.325 -28.947
17.382 -28.671
17.439 -28.391
17.495 -28.106
17.552 -27.816
17.609 -27.520
17.666 -27.219
17.723 -26.913
17.779 -26.600
17.836 -26.282
17.893 -25.957
17.950 -25.626
18.007 -25.288
18.064 -24.943
18.120 -24.591
18.177 -24.231
18.234 -23.863
18.291 -23.487
18.348 -23.102
18.404 -22.707
18.461 -22.304
18.518 -21.889
18.575 -21.465
18.632 -21.028
18.688 -20.580
18.745 -20.118
18.802 -19.642
18.859 -19.152
18.916 -18.645
18.972 -18.121
19.029 -17.577
19.086 -17.013
19.143 -16.426
19.200 -15.813
19.256 -15.171
19.313 -14.497
19.370 -13.785
19.427 -13.030
19.484 -12.224
19.540 -11.355
19.597 -10.408
19.654 -9.359
19.711 -8.169
19.768 -6.764
19.824 -4.965
19.881 -1.852
19.890 0.000